424234
279945
424229
275851
424219
275843
275846
390822
390039
424469
279971
390618
390027
275845
390407
275853
390028
275857
390107
279936
424533
424218
424203
390023
390391
424468
390217
275858
390419
424465
390056
279950
389918
275871
390633
281799
390547
390111
390383
390395
390384
275835
275859
424220
390390
390410
424211
390706
281797
275839
279951
279937
424213
390711
390649
275855
424215
390033
275625
390037
390108
275852
390620
424214
424207
424243
275626
389961
275627
390580
390223
275862
390284
424263
390379
390224
390466
390110
275842
389936
281772
390553
279970
389924
390021
390104
390105
424232
390389
390106
275850
390222
390415
390416
390382
390112
390293
390030
390114
390043
390684
390409
279944
275836
389957
424242
424459
424231
275848
424461
281798
390052
390704
390378
390121
424249
424201
275832
389965
424239
424253
279958
390058
390595
389971
390630
424230
390047
424460
390118
390412
390050
279973
390413
424210
390603
424463
279954
389963
390392
275629
275863
390122
424236
390227
281809
390229
275833
279978
390593
279957
390057
275834
275867
279979
390594
424204
424217
390397
390400
281745
390816
390235
424258
390119
390544
424462
275861
390024
281767
275841
390582
390604
279976
390586
390393
275864
279939
390123
275844
389402
281757
389403
390608
279980
389404
390456
390653
279981
275847
389405
390045
390536
275624
390233
424256
275837
279946
389406
390388
390558
275838
390034
390499
390459
390601
424208
281778
389928
390559
390035
390377
390505
390838
424247
279974
424223
424261
390120
279953
390053
275628
279975
389931
390026
424464
390524
391450
424251
279977
281754
424202
281770
390394
424466
275865
389935
390716
390973
281755
424467
390214
390528
390651
390231
390396
390470
275869
390572
390629
390216
390385
424205
281773
424255
390302
281761
390386
390398
390411
390218
390597
279972
390022
390478
390909
390376
390578
424361
424244
275860
390479
390615
390694
279935
281749
389941
281765
389913
390460
281779
390481
390560
275840
281751
390414
390818
389914
389962
391444
390482
390564
393116
281752
389946
281768
424212
389932
390285
390483
390565
390923
390955
392413
393156
279938
389947
390381
391273
279955
281769
390605
390406
390484
390568
424226
389949
390040
390417
390525
390588
390646
424238
275854
279956
390606
390675
391454
424252
390029
390485
279941
390526
390824
390230
390469
390607
390890
391471
392606
390487
390571
390627
390717
279943
389952
389923
389968
390897
424254
390115
390491
390721
390044
391379
390232
390555
390612
390688
390904
390116
442110
390457
390596
390654
389925
390476
390556
281744
389939
390117
390631
281763
390458
391419
389927
390614
390945
391660
393091
424257
441734
275872
389940
391248
392466
424162
442149
275849
281764
389912
389959
390221
390541
390660
390837
391438
392503
390401
390916
390947
391661
393092
424222
441765
390579
390636
390817
391249
392468
424163
424233
424393
442175
390602
390661
391441
392504
389929
390236
390402
390919
390948
392107
393110
441950
389943
390518
390640
391254
392470
424164
424407
442192
390464
390545
390667
390839
392519
424248
281780
390404
390619
390920
390952
392410
424224
441996
281804
390038
390519
390641
390819
391256
392473
424165
424235
424408
442200
389915
390054
390546
390672
390840
391449
392529
281781
390405
390709
424225
424277
442039
281753
281805
390645
390820
392475
424412
442213
389964
390055
390467
390673
390888
392531
281783
389934
390291
390621
390933
390961
392428
422812
424292
442056
391278
392479
424448
442241
389920
390468
390550
390889
392534
281786
390569
390624
390936
392429
422815
424227
424293
442059
389951
390041
390213
390418
391284
392488
424453
442301
281771
389922
389966
390552
390678
281787
390296
390408
390939
390974
392438
422816
424228
424314
442105
390826
391375
392489
424240
424455
442372
275856
391534
392654
281794
389937
390031
390300
390941
390975
392446
422817
424315
442109
281759
389955
390531
390827
392498
424241
424458
390060
390472
391646
392912
275870
281795
389938
390032
390492
390576
390731
390942
390999
392454
424158
424318
390829
391412
392500
424206
281774
390613
390689
390906
391650
392913
281796
390303
390495
390577
390804
390944
391199
392455
424161
424327
442148
389958
390540
390659
390835
392502
281775
390234
390693